id,position,change,visits,pages_per_visit,bounce_rate,favicon,brand_name
rsa.ie,1,0,592814,1.6591,0.6477,,
iciciprulife.com,2,0,525882,1.7857,0.7143,,
axa.ie,3,0,482489,3.2929,0.405,,
switcher.ie,4,2,446223,2.0487,0.5713,,
layahealthcare.ie,5,2,324409,2.2699,0.641,,
motorcheck.ie,6,7,290329,1.7925,0.5897,,
chill.ie,7,-5,256447,2.6297,0.4041,,
vhi.ie,8,-3,249009,4.8986,0.2283,,
irishlifehealth.ie,9,0,232701,4.2255,0.4076,,
libertyinsurance.ie,10,6,220543,1.9953,0.5329,,
allianz.ie,11,-3,200802,2.9013,0.3191,,
aviva.ie,12,-1,198457,3.3864,0.4253,,
123.ie,13,-9,171421,2.3757,0.4077,,
its4women.ie,14,6,134584,4.9203,0.5215,,
fbd.ie,15,-1,128628,1.9395,0.391,,
aig.ie,16,-4,101984,4.1984,0.3593,,
theaa.ie,17,-7,86246,2.1811,0.3026,,
zurich.ie,18,-3,80299,1.5372,0.631,,
farodevigo.es,19,0,80103,1.6932,0.5234,,
irishlife.ie,20,-2,46504,1.9957,0.6625,,
