id,position,change,visits,pages_per_visit,bounce_rate,favicon,brand_name
sparebank1.no,1,0,3225182,5.1252,0.2954,,
nordea.no,2,2,1272333,4.3131,0.313,,
nowcerts.com,3,5,1271325,11.2687,0.0896,,
gjensidige.no,4,-2,1032520,4.057,0.395,,
if.no,5,-2,893196,1.9966,0.5424,,
seb.lv,6,-1,803755,4.166,0.0833,,
foragentsonly.com,7,11,531300,11.1786,0.25,,
sbm.no,8,-1,428486,1.8574,0.4538,,
storebrand.no,9,-3,421011,7.478,0.1869,,
tryg.no,10,1,382500,3.1963,0.4098,,
klp.no,11,1,257033,3.9294,0.375,,
lofavor.no,12,-2,237736,2.0248,0.5488,,
frende.no,13,2,136250,3.7282,0.4055,,
spk.no,14,2,107821,3.3031,0.2777,,
tjenestetorget.no,15,-2,98927,1.6315,0.5699,,
jbf.no,16,1,97137,1.3809,0.8319,,
nsf.no,17,4,87265,2.9853,0.5136,,
bimmers.no,18,-4,59676,1.0864,0.9676,,
agria.se,19,0,45293,1.0468,0.9892,,
funktionstjanster.se,20,0,34526,2.8594,0.1464,,
